A1 = 8.09012272237537	B1 = -3.47616410053966	A2 = 3.2709872635479	B2 = 0.236509011662538
A1 = -3.48386289136682	B1 = 5.32986372359402	A2 = 8.42308932693727	B2 = 2.36961979333693
A1 = 6.78749590127458	B1 = 3.05456334534377	A2 = 4.35669426871326	B2 = -4.74689527922238
A1 = 8.82563689890289	B1 = -1.23042580985924	A2 = 3.44371400065392	B2 = 21.438550353603
