A1 = -0.609099728844329	B1 = 0.788630183479478	A2 = -4.3847555300266	B2 = -0.852171662915113
A1 = -4.54714100935613	B1 = 1.5189127089682	A2 = 4.25883594899062	B2 = 45.7337077175312
A1 = 0.0280406225179162	B1 = -0.523073303954248	A2 = 3.44888675475095	B2 = 0.613350559692369
