A1 = 0.864691806170511	B1 = -1.13797701380678	A2 = 4.23510064887357	B2 = 0.992401639188738
A1 = 0.00234099571120333	B1 = 0.557370759572927	A2 = -2.79505914341735	B2 = -0.862668429113125
